0	1	3,91,E+01							
0,001	86304155065	1,15,E+07							
0,002	1,718E+11	1,62,E+07							
0,003	2,56494E+11	1,98,E+07							
0,004	3,40396E+11	2,28,E+07							
0,005	4,23511E+11	2,54,E+07							
0,006	5,05847E+11	2,78,E+07							
0,007	5,87412E+11	2,99,E+07							
0,008	6,68213E+11	3,19,E+07							
0,009	7,48257E+11	3,38,E+07							
0,01	8,27551E+11	3,55,E+07							
0,011	9,06103E+11	3,72,E+07							
0,012	9,83918E+11	3,87,E+07							
0,013	1,061E+12	4,02,E+07							
0,014	1,13737E+12	4,17,E+07							
0,015	1,21302E+12	4,30,E+07							
0,016	1,28796E+12	4,43,E+07							
0,017	1,36219E+12	4,56,E+07							
0,018	1,43574E+12	4,68,E+07							
0,019	1,50859E+12	4,80,E+07							
0,02	1,58076E+12	4,91,E+07							
0,021	1,65226E+12	5,02,E+07							
0,022	1,72308E+12	5,13,E+07							
0,023	1,79324E+12	5,23,E+07							
0,024	1,86275E+12	5,33,E+07							
0,025	1,9316E+12	5,43,E+07							
0,026	1,99981E+12	5,52,E+07							
0,027	2,06738E+12	5,62,E+07							
0,028	2,13431E+12	5,71,E+07							
0,029	2,20062E+12	5,79,E+07							
0,03	2,26631E+12	5,88,E+07							
0,031	2,33138E+12	5,96,E+07							
0,032	2,39584E+12	6,05,E+07							
0,033	2,4597E+12	6,13,E+07							
0,034	2,52296E+12	6,20,E+07							
0,035	2,58563E+12	6,28,E+07							
0,036	2,64771E+12	6,36,E+07							
0,037	2,70921E+12	6,43,E+07							
0,038	2,77013E+12	6,50,E+07							
0,039	2,83049E+12	6,57,E+07							
0,04	2,89027E+12	6,64,E+07							
0,041	2,9495E+12	6,71,E+07							
0,042	3,00817E+12	6,78,E+07							
0,043	3,06629E+12	6,84,E+07							
0,044	3,12387E+12	6,90,E+07							
0,045	3,18091E+12	6,97,E+07							
0,046	3,23741E+12	7,03,E+07							
0,047	3,29339E+12	7,09,E+07							
0,048	3,34884E+12	7,15,E+07							
0,049	3,40377E+12	7,21,E+07							
0,05	3,45818E+12	7,26,E+07							
0,051	3,51209E+12	7,32,E+07							
0,052	3,56549E+12	7,38,E+07							
0,053	3,61839E+12	7,43,E+07							
0,054	3,6708E+12	7,48,E+07							
0,055	3,72271E+12	7,54,E+07							
0,056	3,77414E+12	7,59,E+07							
0,057	3,82508E+12	7,64,E+07							
0,058	3,87555E+12	7,69,E+07							
0,059	3,92555E+12	7,74,E+07							
0,06	3,97508E+12	7,79,E+07							
0,061	4,02414E+12	7,84,E+07							
0,062	4,07274E+12	7,88,E+07							
0,063	4,12089E+12	7,93,E+07							
0,064	4,16859E+12	7,98,E+07					wymiar przestrzeni 		300x300
0,065	4,21584E+12	8,02,E+07	krytyczna warto˜† g©sto˜ci dyslokacji				46842668,25		
0,066	4,26265E+12	8,07,E+07							
0,067	4,30902E+12	8,11,E+07							
0,068	4,35495E+12	8,15,E+07							
0,069	4,40046E+12	8,19,E+07							
0,07	4,44554E+12	8,24,E+07							
0,071	4,49019E+12	8,28,E+07							
0,072	4,53443E+12	8,32,E+07							
0,073	4,57825E+12	8,36,E+07							
0,074	4,62167E+12	8,40,E+07							
0,075	4,66467E+12	8,44,E+07							
0,076	4,70727E+12	8,48,E+07							
0,077	4,74948E+12	8,51,E+07							
0,078	4,79129E+12	8,55,E+07							
0,079	4,8327E+12	8,59,E+07							
0,08	4,87373E+12	8,62,E+07							
0,081	4,91438E+12	8,66,E+07							
0,082	4,95464E+12	8,70,E+07							
0,083	4,99453E+12	8,73,E+07							
0,084	5,03404E+12	8,76,E+07							
0,085	5,07318E+12	8,80,E+07							
0,086	5,11196E+12	8,83,E+07							
0,087	5,15037E+12	8,87,E+07							
0,088	5,18842E+12	8,90,E+07							
0,089	5,22612E+12	8,93,E+07							
0,09	5,26346E+12	8,96,E+07							
0,091	5,30046E+12	8,99,E+07							
0,092	5,3371E+12	9,02,E+07							
0,093	5,37341E+12	9,06,E+07							
0,094	5,40937E+12	9,09,E+07							
0,095	5,445E+12	9,12,E+07							
0,096	5,48029E+12	9,14,E+07							
0,097	5,51525E+12	9,17,E+07							
0,098	5,54989E+12	9,20,E+07							
0,099	5,5842E+12	9,23,E+07							
0,1	5,61818E+12	9,26,E+07							
0,101	5,65185E+12	9,29,E+07							
0,102	5,68521E+12	9,31,E+07							
0,103	5,71825E+12	9,34,E+07							
0,104	5,75098E+12	9,37,E+07							
0,105	5,78341E+12	9,39,E+07							
0,106	5,81553E+12	9,42,E+07							
0,107	5,84735E+12	9,45,E+07							
0,108	5,87888E+12	9,47,E+07							
0,109	5,9101E+12	9,50,E+07							
0,11	5,94104E+12	9,52,E+07							
0,111	5,97168E+12	9,55,E+07							
0,112	6,00204E+12	9,57,E+07							
0,113	6,03212E+12	9,59,E+07							
0,114	6,06191E+12	9,62,E+07							
0,115	6,09142E+12	9,64,E+07							
0,116	6,12066E+12	9,66,E+07							
0,117	6,14962E+12	9,69,E+07							
0,118	6,17831E+12	9,71,E+07							
0,119	6,20673E+12	9,73,E+07							
0,12	6,23489E+12	9,75,E+07							
0,121	6,26278E+12	9,78,E+07							
0,122	6,29041E+12	9,80,E+07							
0,123	6,31779E+12	9,82,E+07							
0,124	6,3449E+12	9,84,E+07							
0,125	6,37176E+12	9,86,E+07							
0,126	6,39837E+12	9,88,E+07							
0,127	6,42474E+12	9,90,E+07							
0,128	6,45085E+12	9,92,E+07							
0,129	6,47672E+12	9,94,E+07							
0,13	6,50235E+12	9,96,E+07							
0,131	6,52773E+12	9,98,E+07							
0,132	6,55288E+12	1,00,E+08							
0,133	6,57779E+12	1,00,E+08							
0,134	6,60247E+12	1,00,E+08							
0,135	6,62692E+12	1,01,E+08							
0,136	6,65114E+12	1,01,E+08							
0,137	6,67514E+12	1,01,E+08							
0,138	6,6989E+12	1,01,E+08							
0,139	6,72245E+12	1,01,E+08							
0,14	6,74577E+12	1,01,E+08							
0,141	6,76888E+12	1,02,E+08							
0,142	6,79177E+12	1,02,E+08							
0,143	6,81445E+12	1,02,E+08							
0,144	6,83691E+12	1,02,E+08							
0,145	6,85916E+12	1,02,E+08							
0,146	6,8812E+12	1,02,E+08							
0,147	6,90304E+12	1,03,E+08							
0,148	6,92467E+12	1,03,E+08							
0,149	6,9461E+12	1,03,E+08							
0,15	6,96733E+12	1,03,E+08							
0,151	6,98836E+12	1,03,E+08							
0,152	7,0092E+12	1,03,E+08							
0,153	7,02984E+12	1,04,E+08							
0,154	7,05028E+12	1,04,E+08							
0,155	7,07054E+12	1,04,E+08							
0,156	7,0906E+12	1,04,E+08							
0,157	7,11047E+12	1,04,E+08							
0,158	7,13016E+12	1,04,E+08							
0,159	7,14967E+12	1,04,E+08							
0,16	7,16899E+12	1,05,E+08							
0,161	7,18813E+12	1,05,E+08							
0,162	7,20709E+12	1,05,E+08							
0,163	7,22588E+12	1,05,E+08							
0,164	7,24449E+12	1,05,E+08							
0,165	7,26292E+12	1,05,E+08							
0,166	7,28118E+12	1,05,E+08							
0,167	7,29927E+12	1,06,E+08							
0,168	7,31719E+12	1,06,E+08							
0,169	7,33495E+12	1,06,E+08							
0,17	7,35253E+12	1,06,E+08							
0,171	7,36995E+12	1,06,E+08							
0,172	7,38721E+12	1,06,E+08							
0,173	7,40431E+12	1,06,E+08							
0,174	7,42125E+12	1,06,E+08							
0,175	7,43803E+12	1,07,E+08							
0,176	7,45465E+12	1,07,E+08							
0,177	7,47111E+12	1,07,E+08							
0,178	7,48742E+12	1,07,E+08							
0,179	7,50358E+12	1,07,E+08							
0,18	7,51959E+12	1,07,E+08							
0,181	7,53544E+12	1,07,E+08							
0,182	7,55115E+12	1,07,E+08							
0,183	7,56671E+12	1,07,E+08							
0,184	7,58213E+12	1,08,E+08							
0,185	7,5974E+12	1,08,E+08							
0,186	7,61253E+12	1,08,E+08							
0,187	7,62751E+12	1,08,E+08							
0,188	7,64236E+12	1,08,E+08							
0,189	7,65706E+12	1,08,E+08							
0,19	7,67163E+12	1,08,E+08							
0,191	7,68607E+12	1,08,E+08							
0,192	7,70036E+12	1,08,E+08							
0,193	7,71453E+12	1,09,E+08							
0,194	7,72856E+12	1,09,E+08							
0,195	7,74246E+12	1,09,E+08							
0,196	7,75622E+12	1,09,E+08							
0,197	7,76986E+12	1,09,E+08							
0,198	7,78338E+12	1,09,E+08							
0,199	7,79676E+12	1,09,E+08							
0,2	7,81002E+12	1,09,E+08							
